# LIQUID STOCKS (>100k/day)
# Generated: 2025-12-18 15:57
# Total: 343

SHB	61,400,084
SHB	61,283,908
VIX	42,457,176
VIX	42,316,232
HPG	25,016,252
SSI	24,829,226
SSI	24,753,314
MBB	22,644,372
HAG	16,961,504
CII	16,480,432
HDB	15,536,839
VPB	15,357,520
VPB	15,261,304
SHS	14,753,524
VND	13,650,136
VND	13,526,080
DXG	12,423,296
CEO	12,216,056
NVL	11,454,064
NVL	11,438,980
KHG	10,234,328
GEX	10,165,028
DIG	10,119,812
TCB	9,283,380
VRE	9,255,600
VCI	9,241,236
VRE	9,214,392
VCI	9,211,636
VSC	8,740,900
ACB	8,603,124
PDR	8,520,796
PDR	8,460,040
PVD	7,712,352
PVD	7,668,468
POW	7,663,804
POW	7,650,020
HCM	7,509,460
TPB	7,350,700
MSB	7,335,568
CTG	7,121,691
ROS	7,040,368
STB	6,824,568
HQC	6,463,132
BCG	6,423,868
EIB	6,137,472
FPT	5,476,012
MWG	5,440,872
VNM	5,359,780
VNM	5,341,280
NKG	5,161,656
NKG	5,156,484
VIB	5,037,448
VIB	5,021,920
KDH	5,013,312
MSN	4,821,140
HHV	4,782,776
DBC	4,675,032
VHM	4,631,692
VHM	4,594,840
TCH	4,540,839
VIC	4,509,756
TCH	4,492,359
VIC	4,480,160
VCG	4,104,704
VCG	4,059,252
PVS	3,927,398
PVS	3,897,562
PVT	3,788,432
PVT	3,780,800
AAA	3,335,276
SCR	3,311,620
VCB	3,248,632
VCB	3,228,004
DPM	3,105,240
KBC	3,001,456
TTF	2,965,204
PC1	2,928,872
PC1	2,924,836
IJC	2,811,456
SSB	2,805,760
SSB	2,792,656
MBS	2,778,068
HSG	2,778,032
EVF	2,756,056
LDG	2,713,576
MST	2,625,888
DGC	2,614,796
FIT	2,395,064
HDG	2,316,168
BAF	2,304,776
GVR	2,264,356
PVX	2,257,072
VPI	2,221,464
VJC	2,210,796
VJC	2,203,668
DGW	2,143,272
VFS	2,134,416
DLG	2,072,896
IDC	2,058,344
LCG	1,985,080
HDC	1,961,501
HNG	1,929,356
SAB	1,901,968
SAB	1,893,276
OCB	1,886,376
BID	1,768,560
NLG	1,768,524
NLG	1,757,968
HAH	1,736,932
PET	1,720,676
PET	1,717,700
HUT	1,654,168
POM	1,644,504
ANV	1,617,892
HHP	1,578,304
DXS	1,570,440
PLX	1,569,224
ITA	1,547,132
LPB	1,542,948
HHS	1,492,136
YEG	1,479,808
HID	1,430,260
HBC	1,406,172
HPX	1,389,968
DCM	1,363,940
DFF	1,361,380
TCM	1,247,708
QCG	1,216,340
VTZ	1,177,432
KSB	1,119,904
ORS	1,085,976
HII	1,082,660
ORS	1,082,404
TCD	1,071,576
GMD	1,061,236
TSC	1,052,432
FCN	1,044,024
VOS	1,012,256
VOS	1,010,572
HVN	974,864
VHC	974,244
VHC	972,784
SBS	948,508
EVG	934,728
CRC	898,992
VDS	877,936
GAS	831,928
TIG	816,396
DCL	809,236
DDV	805,884
TNG	804,483
FTS	799,456
DL1	793,818
PAN	792,212
PAN	790,020
CTS	769,456
NT2	732,516
GEE	731,508
SBT	727,664
NT2	721,860
VGC	717,947
HSL	705,296
ELC	696,096
VGI	690,156
QBS	682,464
VGT	676,940
LMH	661,768
PSH	656,872
OGC	652,904
HTP	629,260
LGL	618,176
OIL	608,968
NTL	603,047
TLG	601,255
PVC	595,708
FRT	594,988
C69	587,392
NAF	573,600
DPG	546,836
DRI	545,652
DPR	522,332
SHI	518,776
RDP	516,576
AGR	510,780
IDJ	505,060
CTD	502,556
APH	497,332
GKM	496,528
VGS	494,820
DDG	491,424
DRH	486,964
PLP	479,720
ABS	476,464
MSH	475,893
IDI	469,688
CVN	464,716
HAR	461,580
VEA	457,307
SBG	449,272
BSI	447,864
PNJ	438,764
CSV	436,040
BVH	434,720
VTP	429,648
CRE	428,868
SZC	428,152
CDC	428,044
DC4	425,236
DVG	422,348
HAX	422,320
APS	417,244
SRA	399,140
KOS	398,048
PIV	392,648
FID	391,616
MCH	386,608
CTR	382,076
REE	379,256
DCS	378,824
REE	378,192
PAC	374,668
BMI	374,152
KLB	370,268
ASM	362,088
CSM	357,324
SIP	354,132
KHB	339,580
VAB	331,860
DIC	331,000
KPF	330,228
TC6	327,096
SCS	326,144
SCS	324,452
LTG	324,016
SMC	322,984
CTF	317,256
HNM	312,200
AGG	304,960
HT1	303,900
FIR	301,796
CTP	299,304
VHE	288,200
GEG	286,228
DVM	286,008
CTI	285,580
DXP	282,508
PVL	282,048
CMG	280,388
KDC	279,804
LIG	277,636
CEN	271,460
LCM	265,772
PHR	264,468
PHR	263,932
DAG	262,871
TAR	254,516
APG	247,960
PSD	242,376
TDN	240,732
PXS	236,100
TV2	233,766
BCM	231,440
PPT	225,792
TVN	223,904
PPC	219,837
DHC	216,724
SAM	215,388
SDA	209,140
DTD	208,852
AGM	208,000
CTX	205,528
DRC	200,728
HBS	200,040
VHG	194,992
VNP	194,404
TNH	194,104
ATG	191,080
BIC	189,408
LAS	187,984
SGO	187,800
SGR	187,396
PVV	185,816
SPI	185,752
VPG	184,008
NAG	183,288
NHA	182,424
VTO	181,112
TCI	180,900
NTP	180,176
TLD	180,148
VTV	178,216
NHH	178,032
HTN	177,528
VST	171,456
TDC	167,920
ITC	166,780
DGT	160,216
PVP	158,829
VVS	158,592
HAP	157,380
TDP	156,576
BMP	152,728
BMP	152,472
JVC	152,424
MIG	150,996
MBG	148,636
API	148,024
NDN	147,716
GIL	146,964
TCO	146,688
VKC	141,296
TNI	140,620
HVH	138,980
VNE	136,864
TTN	135,888
LSS	134,312
STH	134,168
TDH	133,656
ST8	132,864
CET	130,808
DAH	129,620
VNH	127,040
MVC	127,012
TNA	123,308
VIP	122,924
PXI	122,828
BFC	121,864
MHC	120,672
DHA	117,744
VRC	116,096
CCL	115,568
CT3	113,212
TLH	112,048
TVS	111,868
HHG	111,528
PSI	110,972
NVB	109,400
PLC	105,972
QNS	105,948
PWA	105,916
TTA	104,800
CMX	102,724
ICT	100,648
